heyue,riqi,qianshoupan,kaipanjia,zuigaojia,zuidijia,shoupanjia,chengjiaoliang,chengjiaoe,chengjiaobishu,zhangdie_shoupanjia,zhangdiefu_shoupanjia,zhengfu_shoupanjia,junjia,chicangliang,chicangliangbianhua,qianjiesuanjia,jiesuanjia,zhangdie_jiesuanjia,zhangdiefu_jiesuanjia,zuijinjiaoyiriqi,shichangzuijinjiaoyiri
AP.CZC,2017/12/22,0,7920,8228,7915,8117,735694,59859534500.0,0,317,4.064102564,0,8136.471753,21646,0,7800,8136,336,4.307692308,2017/12/22,2017/12/22
AP.CZC,2017/12/25,8117,8118,8157,8060,8095,358024,29012574500.0,0,-41,-0.503933137,1.195022792,8103.527836,25296,3650,8136,8104,-32,-0.393313668,2017/12/25,2017/12/25
AP.CZC,2017/12/26,8095,8105,8144,8079,8090,146420,11866651000.0,0,-14,-0.172754195,0.802964793,8104.528753,21018,-4278,8104,8105,1,0.012339585,2017/12/26,2017/12/26
AP.CZC,2017/12/27,8090,8094,8109,8067,8086,67888,5490342400.0,0,-19,-0.234423196,0.519159456,8087.353288,17524,-3494,8105,8087,-18,-0.222085133,2017/12/27,2017/12/27
AP.CZC,2017/12/28,8086,8092,8145,8088,8104,71176,5776067600.0,0,17,0.210213924,0.704922088,8115.189952,15558,-1966,8087,8115,28,0.346234698,2017/12/28,2017/12/28
AP.CZC,2017/12/29,8104,8106,8122,8078,8088,25762,2085548900.0,0,-27,-0.33271719,0.542941757,8095.446394,13754,-1804,8115,8095,-20,-0.246457178,2017/12/29,2017/12/29
AP.CZC,2018/1/2,8088,8088,8106,8086,8101,16426,1330130900.0,0,6,0.074119827,0.247279921,8097.716425,12360,-1394,8095,8098,3,0.037059914,2018/1/2,2018/1/2
AP.CZC,2018/1/3,8101,8103,8122,8088,8094,20154,1632484300.0,0,-4,-0.049394912,0.419701271,8100.051106,11852,-508,8098,8100,2,0.024697456,2018/1/3,2018/1/3
AP.CZC,2018/1/4,8094,8098,8114,8076,8092,16652,1347790500.0,0,-8,-0.098765432,0.469483568,8093.865602,11252,-600,8100,8094,-6,-0.074074074,2018/1/4,2018/1/4
AP.CZC,2018/1/5,8092,8098,8111,8082,8099,9538,772258300.0,0,5,0.061774154,0.358378646,8096.648144,10090,-1162,8094,8097,3,0.037064492,2018/1/5,2018/1/5
AP.CZC,2018/1/8,8099,8103,8103,8080,8084,6932,560619600.0,0,-13,-0.160553291,0.283985677,8087.414887,9794,-296,8097,8087,-10,-0.123502532,2018/1/8,2018/1/8
AP.CZC,2018/1/9,8084,8086,8090,7933,7966,71128,5681636200.0,0,-121,-1.496228515,1.942107867,7987.903779,15934,6140,8087,7988,-99,-1.224186967,2018/1/9,2018/1/9
AP.CZC,2018/1/10,7966,7956,7980,7933,7938,30192,2402566600.0,0,-50,-0.625938908,0.590007532,7957.626524,16004,70,7988,7958,-30,-0.375563345,2018/1/10,2018/1/10
AP.CZC,2018/1/11,7938,7931,7953,7854,7865,43240,3414928000.0,0,-93,-1.168635336,1.247165533,7897.613321,20238,4234,7958,7898,-60,-0.753958281,2018/1/11,2018/1/11
AP.CZC,2018/1/12,7865,7821,7855,7784,7787,38852,3037200400.0,0,-111,-1.405419093,0.90273363,7817.359209,24070,3832,7898,7817,-81,-1.025576095,2018/1/12,2018/1/12
AP.CZC,2018/1/15,7787,7763,7795,7758,7777,26164,2034636800.0,0,-40,-0.511705258,0.475150893,7776.474545,25024,954,7817,7776,-41,-0.524497889,2018/1/15,2018/1/15
AP.CZC,2018/1/16,7777,7764,7815,7711,7723,44712,3474366300.0,0,-53,-0.681584362,1.337276585,7770.545491,28730,3706,7776,7771,-5,-0.064300412,2018/1/16,2018/1/16
AP.CZC,2018/1/17,7723,7736,7744,7658,7670,88156,6778643900.0,0,-101,-1.299704028,1.113556908,7689.37327,31314,2584,7771,7689,-82,-1.05520525,2018/1/17,2018/1/17
AP.CZC,2018/1/18,7670,7668,7708,7666,7671,48086,3696352200.0,0,-18,-0.234100663,0.547588005,7686.961278,32514,1200,7689,7687,-2,-0.026011185,2018/1/18,2018/1/18
AP.CZC,2018/1/19,7671,7670,7701,7641,7657,57942,4445659500.0,0,-30,-0.390269286,0.782166601,7672.602775,31622,-892,7687,7673,-14,-0.182125667,2018/1/19,2018/1/19
AP.CZC,2018/1/22,7657,7682,7708,7667,7697,41406,3182426500.0,0,24,0.312785091,0.535457751,7685.906632,30488,-1134,7673,7686,13,0.169425257,2018/1/22,2018/1/22
AP.CZC,2018/1/23,7697,7714,7740,7681,7699,54140,4174580300.0,0,13,0.169138694,0.766532415,7710.713521,28442,-2046,7686,7711,25,0.325266719,2018/1/23,2018/1/23
AP.CZC,2018/1/24,7699,7706,7708,7664,7677,27376,2104276400.0,0,-34,-0.440928544,0.571502793,7686.573641,28900,458,7711,7687,-24,-0.311243678,2018/1/24,2018/1/24
AP.CZC,2018/1/25,7677,7687,7701,7657,7661,27324,2098198700.0,0,-26,-0.338233381,0.57314055,7678.958791,29692,792,7687,7679,-8,-0.10407181,2018/1/25,2018/1/25
AP.CZC,2018/1/26,7661,7668,7699,7660,7683,30254,2324485800.0,0,4,0.052090116,0.509071923,7683.234614,27502,-2190,7679,7683,4,0.052090116,2018/1/26,2018/1/26
AP.CZC,2018/1/29,7683,7691,7697,7554,7560,56558,4297445500.0,0,-123,-1.600937134,1.861252115,7598.298207,32460,4958,7683,7598,-85,-1.10633867,2018/1/29,2018/1/29
AP.CZC,2018/1/30,7560,7551,7568,7510,7512,50684,3821596400.0,0,-86,-1.13187681,0.767195767,7540.044985,36340,3880,7598,7540,-58,-0.763358779,2018/1/30,2018/1/30
AP.CZC,2018/1/31,7512,7510,7543,7461,7487,88814,6660856400.0,0,-53,-0.702917772,1.091586794,7499.782016,36572,232,7540,7500,-40,-0.530503979,2018/1/31,2018/1/31
AP.CZC,2018/2/1,7487,7492,7515,7434,7434,63248,4734413000.0,0,-66,-0.88,1.08187525,7485.47464,38134,1562,7500,7485,-15,-0.2,2018/2/1,2018/2/1
AP.CZC,2018/2/2,7434,7448,7462,7367,7372,101222,7510409500.0,0,-113,-1.509686039,1.277912295,7419.740274,42932,4798,7485,7420,-65,-0.868403474,2018/2/2,2018/2/2
AP.CZC,2018/2/5,7372,7360,7382,7321,7334,105376,7746395700.0,0,-86,-1.15902965,0.827455236,7351.195434,48282,5350,7420,7351,-69,-0.929919137,2018/2/5,2018/2/5
AP.CZC,2018/2/6,7334,7329,7372,7275,7278,114430,8379882800.0,0,-73,-0.993062168,1.322607036,7323.151971,51858,3576,7351,7323,-28,-0.380900558,2018/2/6,2018/2/6
AP.CZC,2018/2/7,7278,7278,7293,6956,6956,295794,21040411700.0,0,-367,-5.011607265,4.630392965,7113.197597,70608,18750,7323,7113,-210,-2.867677181,2018/2/7,2018/2/7
AP.CZC,2018/2/8,6956,6890,6890,6662,6754,430434,29163468000.0,0,-359,-5.047096865,3.277745831,6775.36347,52822,-17786,7113,6775,-338,-4.751862786,2018/2/8,2018/2/8
AP.CZC,2018/2/9,6754,6762,6828,6697,6745,268308,18134659700.0,0,-30,-0.442804428,1.939591353,6758.89638,55844,3022,6775,6759,-16,-0.236162362,2018/2/9,2018/2/9
AP.CZC,2018/2/12,6745,6751,6941,6731,6803,272840,18590680300.0,0,44,0.650983873,3.113417346,6813.76642,53656,-2188,6759,6814,55,0.813729842,2018/2/12,2018/2/12
AP.CZC,2018/2/13,6803,6805,6848,6740,6765,196004,13287794000.0,0,-49,-0.719107719,1.587534911,6779.348381,53304,-352,6814,6779,-35,-0.513648371,2018/2/13,2018/2/13
AP.CZC,2018/2/14,6765,6796,6821,6553,6621,235156,15733566800.0,0,-158,-2.330727246,3.961566888,6690.693327,52600,-704,6779,6691,-88,-1.298126567,2018/2/14,2018/2/14
AP.CZC,2018/2/22,6621,6591,6623,6480,6481,229594,14969436200.0,0,-210,-3.138544313,2.159794593,6519.959668,71708,19108,6691,6520,-171,-2.555671798,2018/2/22,2018/2/22
AP.CZC,2018/2/23,6481,6480,6846,6471,6846,509036,33878552900.0,0,326,5.0,5.786144114,6655.433584,71108,-600,6520,6655,135,2.070552147,2018/2/23,2018/2/23
AP.CZC,2018/2/26,6846,6955,7064,6883,6956,601232,41846022100.0,0,301,4.522915101,2.643879638,6960.045723,54924,-16184,6655,6960,305,4.583020286,2018/2/26,2018/2/26
AP.CZC,2018/2/27,6956,6945,7150,6889,7083,932914,65455195800.0,0,123,1.767241379,3.752156412,7016.208975,64128,9204,6960,7016,56,0.804597701,2018/2/27,2018/2/27
AP.CZC,2018/2/28,7083,7082,7124,7036,7098,878110,62191300000.0,0,82,1.168757127,1.242411408,7082.404255,66560,2432,7016,7082,66,0.940706956,2018/2/28,2018/2/28
AP.CZC,2018/3/1,7098,7090,7188,7050,7131,801364,57119084100.0,0,49,0.691894945,1.944209637,7127.732728,68836,2276,7082,7128,46,0.64953403,2018/3/1,2018/3/1
AP.CZC,2018/3/2,7131,7115,7168,6976,7016,826852,58701726200.0,0,-112,-1.571268238,2.692469499,7099.423621,62484,-6352,7128,7099,-29,-0.40684624,2018/3/2,2018/3/2
AP.CZC,2018/3/5,7016,7005,7052,6944,7026,955606,66870934300.0,0,-73,-1.028313847,1.539338655,6997.751615,61168,-1316,7099,6998,-101,-1.422735597,2018/3/5,2018/3/5
AP.CZC,2018/3/6,7026,7030,7310,7018,7218,1667622,1.2e+11,0,220,3.143755359,4.15599203,7193.361397,76480,15312,6998,7193,195,2.786510432,2018/3/6,2018/3/6
AP.CZC,2018/3/7,7218,7216,7238,7149,7185,918752,66132478900.0,0,-8,-0.111219241,1.23302854,7198.077272,68264,-8216,7193,7198,5,0.069512026,2018/3/7,2018/3/7
AP.CZC,2018/3/8,7185,7182,7200,7083,7132,837036,59757878300.0,0,-66,-0.916921367,1.628392484,7139.224394,62722,-5542,7198,7139,-59,-0.819672131,2018/3/8,2018/3/8
AP.CZC,2018/3/9,7132,7132,7249,7114,7212,1062380,76391517000.0,0,73,1.022552178,1.892877173,7190.60195,63194,472,7139,7191,52,0.728393332,2018/3/9,2018/3/9
AP.CZC,2018/3/12,7212,7251,7313,7004,7030,1298964,92002088000.0,0,-161,-2.238909748,4.28452579,7082.728082,65806,2612,7191,7083,-108,-1.501877347,2018/3/12,2018/3/12
AP.CZC,2018/3/13,7030,7029,7085,6982,7042,926130,65113431400.0,0,-41,-0.578850769,1.46514936,7030.701025,59850,-5956,7083,7031,-52,-0.734152195,2018/3/13,2018/3/13
AP.CZC,2018/3/14,7042,7036,7068,6993,7023,502176,35289395400.0,0,-8,-0.113781823,1.065038341,7027.296287,59196,-654,7031,7027,-4,-0.056890912,2018/3/14,2018/3/14
AP.CZC,2018/3/15,7023,7004,7004,6892,6923,586156,40623087600.0,0,-104,-1.480005692,1.594760074,6930.42255,73462,14266,7027,6930,-97,-1.380389925,2018/3/15,2018/3/15
AP.CZC,2018/3/16,6923,6918,7052,6906,7048,611516,42766104100.0,0,118,1.702741703,2.108912321,6993.456279,72430,-1032,6930,6993,63,0.909090909,2018/3/16,2018/3/16
AP.CZC,2018/3/19,7048,7045,7082,6976,7030,455230,32010889100.0,0,37,0.529100529,1.503972758,7031.805703,64384,-8046,6993,7032,39,0.557700558,2018/3/19,2018/3/19
AP.CZC,2018/3/20,7030,7015,7029,6945,7000,431310,30160497000.0,0,-32,-0.455062571,1.19487909,6992.765528,58194,-6190,7032,6993,-39,-0.554607509,2018/3/20,2018/3/20
AP.CZC,2018/3/21,7000,7012,7145,7006,7075,607318,43071139900.0,0,82,1.172601173,1.985714286,7092.024261,60412,2218,6993,7092,99,1.415701416,2018/3/21,2018/3/21
AP.CZC,2018/3/22,7075,7394,7394,7198,7217,509216,36927496500.0,0,125,1.762549351,2.770318021,7251.833505,56210,-4202,7092,7252,160,2.25606317,2018/3/22,2018/3/22
AP.CZC,2018/3/23,7217,7190,7368,7145,7345,681390,49620165100.0,0,93,1.282404854,3.089926562,7282.197435,61242,5032,7252,7282,30,0.413678985,2018/3/23,2018/3/23
AP.CZC,2018/3/26,7345,7370,7421,7307,7399,402936,29603328700.0,0,117,1.606701456,1.552076242,7346.905886,65986,4744,7282,7347,65,0.89261192,2018/3/26,2018/3/26
AP.CZC,2018/3/27,7399,7412,7420,7261,7303,545684,39934467400.0,0,-44,-0.598883898,2.148939046,7318.240484,57648,-8338,7347,7318,-29,-0.394718933,2018/3/27,2018/3/27
AP.CZC,2018/3/28,7303,7306,7357,7253,7332,544064,39770175400.0,0,14,0.191309101,1.424072299,7309.834027,59120,1472,7318,7310,-8,-0.109319486,2018/3/28,2018/3/28
AP.CZC,2018/3/29,7332,7336,7339,7190,7224,544174,39443162400.0,0,-86,-1.176470588,2.03218767,7248.262945,53998,-5122,7310,7248,-62,-0.848153215,2018/3/29,2018/3/29
AP.CZC,2018/3/30,7224,7240,7293,7174,7270,501562,36290344100.0,0,22,0.303532009,1.647286822,7235.465227,51520,-2478,7248,7235,-13,-0.179359823,2018/3/30,2018/3/30
AP.CZC,2018/4/2,7270,7302,7445,7237,7419,635948,46974135500.0,0,184,2.543192813,2.861072902,7386.474287,73706,22186,7235,7386,151,2.08707671,2018/4/2,2018/4/2
AP.CZC,2018/4/3,7419,7406,7437,7356,7401,400440,29640446700.0,0,15,0.203086921,1.091791347,7401.969509,61594,-12112,7386,7402,16,0.216626049,2018/4/3,2018/4/3
AP.CZC,2018/4/4,7401,7400,7420,7176,7194,574360,41863633100.0,0,-208,-2.810051337,3.296851777,7288.744533,54878,-6716,7402,7289,-113,-1.526614429,2018/4/4,2018/4/4
AP.CZC,2018/4/9,7194,7264,7346,7200,7319,411800,30044194000.0,0,30,0.411579092,2.029469002,7295.821758,48220,-6658,7289,7296,7,0.096035121,2018/4/9,2018/4/9
AP.CZC,2018/4/10,7319,7323,7373,7266,7313,370486,27066148700.0,0,17,0.233004386,1.461948354,7305.579347,49180,960,7296,7306,10,0.137061404,2018/4/10,2018/4/10
AP.CZC,2018/4/11,7313,7319,7399,7279,7324,452892,33253834900.0,0,18,0.246372844,1.640913442,7342.552949,43652,-5528,7306,7343,37,0.506433069,2018/4/11,2018/4/11
AP.CZC,2018/4/12,7324,7050,7086,6978,7083,520134,36571067500.0,0,116,1.664992106,1.474604042,7031.085739,88142,44490,6967,7031,64,0.918616334,2018/4/12,2018/4/12
AP.CZC,2018/4/13,7083,7100,7168,7004,7163,606690,42888289900.0,0,132,1.877400085,2.315403078,7069.226442,102042,13900,7031,7069,38,0.540463661,2018/4/13,2018/4/13
AP.CZC,2018/4/16,7163,7144,7207,7110,7153,640174,45805824200.0,0,84,1.188286886,1.354181209,7155.214707,102602,560,7069,7155,86,1.216579431,2018/4/16,2018/4/16
AP.CZC,2018/4/17,7153,7130,7132,7027,7116,666602,47147723400.0,0,-39,-0.545073375,1.46791556,7072.844576,91362,-11240,7155,7073,-82,-1.146051712,2018/4/17,2018/4/17
AP.CZC,2018/4/18,7116,7121,7199,7092,7164,560674,40014220200.0,0,91,1.28658278,1.503653738,7136.806808,101286,9924,7073,7137,64,0.904849427,2018/4/18,2018/4/18
AP.CZC,2018/4/19,7164,7170,7179,7078,7156,503922,35914780000.0,0,19,0.266218299,1.409826912,7127.051409,101554,268,7137,7127,-10,-0.140114894,2018/4/19,2018/4/19
